random matrix A:
     -1.38      -1.13     -0.938      -1.14      -1.39    -0.0299     -0.646 
    -0.568      -1.59      -1.08      -1.02    -0.0758     -0.371     -0.554 
    -0.261     -0.877     -0.557     -0.207     -0.397     -0.988      -1.04 
    -0.945     -0.803     -0.162     -0.403     -0.483     -0.798     -0.809 
     -1.71     -0.863      -0.24      -1.05      -1.57     -0.993       -1.7 
    -0.943      -1.57      -1.08     -0.346     -0.975      -1.86      -1.42 
     -1.22      -1.47     -0.548     -0.497     -0.276      -1.11      -1.25 
random vector b:
     0.548      0.524      0.117      0.957      0.402      0.772      0.781 
solution x to system A*x=b:
     0.766      -3.24       3.02      0.245      -1.52     -0.349       1.67 
check: A*x (should be equal b):
     0.548      0.524      0.117      0.957      0.402      0.772      0.781 
test passed
A^-1*A=
         1   1.33e-15   4.44e-16      2e-15   2.66e-15   2.22e-15   3.11e-15 
 -4.44e-15          1  -1.78e-15  -2.22e-15  -5.44e-15  -2.66e-15  -7.11e-15 
  2.22e-15      4e-15          1      2e-15   2.33e-15   2.22e-15   7.11e-15 
  8.88e-16   8.88e-16   1.11e-15          1   1.33e-15   6.66e-16      2e-15 
 -8.88e-16  -1.33e-15  -1.11e-15  -1.33e-15          1  -4.44e-16  -3.55e-15 
         0          0  -5.55e-17   1.67e-16   7.49e-16          1   1.78e-15 
  1.33e-15   1.33e-15   4.44e-16   7.77e-16   8.33e-16   2.22e-16          1 
A*A^-1=
         1   8.88e-16  -1.89e-15     -2e-15   2.66e-15   1.67e-16  -4.44e-16 
  4.25e-17          1  -6.66e-16  -2.22e-16   4.44e-16   2.78e-16  -4.44e-16 
 -1.27e-16   2.22e-16          1   1.33e-15  -4.44e-16  -2.22e-16  -6.66e-16 
 -2.06e-16   6.66e-16  -1.11e-15          1   7.77e-16   6.66e-16  -2.22e-16 
  3.99e-16   7.77e-16   4.44e-16   8.88e-16          1  -6.66e-16  -1.33e-15 
 -7.74e-16   4.44e-16   2.22e-16  -1.33e-15   8.88e-16          1          0 
  1.18e-16   1.11e-16   8.88e-16   2.66e-15  -3.33e-16  -7.77e-16          1 
